1e-05,0.24,100,36,500,150,2,26,44.17178233
